1133431073520652288
1134118845587894272
1134153216864768001
1134828581773807616
1135269279144861696
1135970810689179653
1142475995523506179
1142519717447573506
1142135494714830848
1142133288250875904
1142133621807034369
1142133957305274368
1142134258229809152
1142134617933275141
1142134852067758083
1142135315492233216
1142143659120517121
1142143917737033728
1142144266526973952
1142144520315899904
1142144660854456321
1142145017127079936
1142145144088649729
1142145392013918214
1142145560780165121
1142145869304750080
1142146158401376256
1143130986017939457
1143808155287203841
1143808156239376384
1143808157304721408
1143808158290325504
1143808159464775681
1143808160727277568
1143867506681163781
1149341830154268672
1149342379603845121
1152995595142991877
1152669535780134913
1150514525273317376
1157731776724422657
1159924732134940672
1159550884466057216
1158757010021785600
1157694374043631617
1154092067804602369